4.321192199476030053e-05 5.822944778793200105e-04
6.351445155165164947e-05 7.151156730470498418e-04
8.495100604001757359e-05 9.447099268710447157e-04
9.404331924711003773e-05 1.225338123977783846e-03
9.819451952317647466e-05 1.432997973030833731e-03
1.258500776739447191e-04 1.828453411822446870e-03
1.565355956640512782e-04 2.319107848045819271e-03
1.983229685920812860e-04 2.904008688413576168e-03
2.492254730981206833e-04 3.763931331775174915e-03
3.033093903897611326e-04 4.547625547224737330e-03
3.899363285938548863e-04 5.851355376175199421e-03
5.084436809049141821e-04 7.659149987380311705e-03
6.266559123607694497e-04 9.438591667611713823e-03
8.041775634598333656e-04 1.205803528451453513e-02
1.025542924188433845e-03 1.526791698867430332e-02
1.279935781151803889e-03 1.938391030333567328e-02
1.638144512902267548e-03 2.482559405993923357e-02
2.133416351767272387e-03 3.217314698634159142e-02
2.645850352791766658e-03 4.028822452696538547e-02
3.348197848012032796e-03 5.045497327598172377e-02
4.266852463127677499e-03 6.372778724553550267e-02
5.359059927465221161e-03 8.082758191834414629e-02
6.829006756354481095e-03 1.012816630625036074e-01
9.034314175647872869e-03 1.334940591775192475e-01
1.101713792170830146e-02 1.659608057415242754e-01
1.404810975018595115e-02 2.100245779385845613e-01
9.416617642961002538e-03 1.264744081501442685e-01
1.975583029702390400e-02 2.923546139681390543e-01
2.308163061971731447e-02 3.271225463282522172e-01
2.458555245889474869e-02 3.223185914406298536e-01
