1.800908791595408343e-01 6.888728191749700080e-01
1.800387178878941619e-01 6.893833953858885533e-01
1.801485418054381560e-01 6.878595617707083942e-01
1.800895146047956086e-01 6.890080250355476998e-01
1.801541043375267381e-01 6.882759722842365369e-01
1.799946336928547608e-01 6.900725259994776595e-01
1.802500070689709299e-01 6.875633386323570795e-01
1.799411156305636972e-01 6.903922300623742681e-01
1.796203606907722239e-01 6.940995786609764906e-01
1.800672978920981049e-01 6.914353778925840244e-01
1.803601693394420724e-01 6.866010614779884946e-01
1.801125209879863298e-01 6.858743843762730164e-01
1.787882110320983542e-01 7.041959662416149568e-01
1.815261393094754760e-01 6.652828743628108610e-01
1.805346223382589821e-01 6.771625909957437184e-01
1.808929414991581608e-01 6.771854960970212778e-01
1.789448617395125174e-01 7.123770053922254819e-01
1.792980474550603942e-01 7.008576819109320066e-01
1.827047187545904616e-01 6.479181860360245793e-01
1.812488599975600467e-01 6.653931452245430700e-01
1.846517287079922354e-01 6.331235488099693498e-01
1.836680205683061673e-01 6.241418822989673876e-01
1.865553129402310328e-01 5.734996730268780984e-01
1.938320910492987437e-01 4.677731689639769153e-01
1.830448969444085083e-01 6.222128841441343372e-01
1.889494998967185535e-01 5.026464976583228106e-01
1.660507730699728179e-01 8.471721765438953167e-01
1.861641390019482256e-01 5.135765763467089462e-01
1.962410554259359230e-01 5.106603425723146295e-01
1.983309843382050630e-01 5.682016629804358399e-01
