1.087176766021660275e-04 1.344071562007795404e-03
1.585758729785067492e-04 2.153992593206598399e-03
2.168428644911808657e-04 2.245690053311866913e-03
2.039689206162991863e-04 2.513954983886732605e-03
2.683790760324304735e-04 3.404029282160448040e-03
2.567987604869946430e-04 3.572595269018504979e-03
3.534510396579892012e-04 4.437719310448102680e-03
3.579990295640841577e-04 4.940687162403847345e-03
3.735760915930913767e-04 5.566007444548784489e-03
4.733970523476142746e-04 7.135050417836901783e-03
4.908358959216495981e-04 7.418686601122600338e-03
5.997936630248801651e-04 9.201978970956925519e-03
7.255157509139443421e-04 1.105427594356125573e-02
8.308194454785783984e-04 1.249087874204527632e-02
9.488627990637976293e-04 1.446072076217667056e-02
1.135735019350325725e-03 1.708754470455138563e-02
1.409952943072028579e-03 2.086246117492724511e-02
1.501501082651395197e-03 2.240748749876099802e-02
1.534559142964247221e-03 2.279539628495861128e-02
1.667101075084671162e-03 2.480251255120610038e-02
1.845288161384635306e-03 2.852950449733342164e-02
2.032172183711991858e-03 3.057507432579358378e-02
2.131610599080375514e-03 3.128765661281607963e-02
2.531060893663594422e-03 3.860566174510517840e-02
2.648628378472572820e-03 4.006303897752418880e-02
3.006961931950984969e-03 4.505719042588630929e-02
3.428213923542741681e-03 5.176924586203215939e-02
4.278341320921182599e-03 6.221820289291740691e-02
5.705601035181867217e-03 8.021492343814611015e-02
