1.800326898072902027e-01 6.895657438774179804e-01
1.800377437707531281e-01 6.894964910935820201e-01
1.799946974726493731e-01 6.898406230569857911e-01
1.800301711938338545e-01 6.897512501702168786e-01
1.800679225272436290e-01 6.891499740689426279e-01
1.800243447488832915e-01 6.896678343456862370e-01
1.799531530619820352e-01 6.901576083654759053e-01
1.800109598065936234e-01 6.898366675633402778e-01
1.800012707207330753e-01 6.899729591120867811e-01
1.800942852964251550e-01 6.887565719190289482e-01
1.800431056365354165e-01 6.892054284926670826e-01
1.799942464997535130e-01 6.905885125813988612e-01
1.800320123966357988e-01 6.899112698529029641e-01
1.799813719831101222e-01 6.899862305051908118e-01
1.798586183062224619e-01 6.915087784933510173e-01
1.802205416486439282e-01 6.871984510271162971e-01
1.799460204933828467e-01 6.901188819039881794e-01
1.799224807158689432e-01 6.913794431416601105e-01
1.798477778868290133e-01 6.915744957533704884e-01
1.799404651226594876e-01 6.900753375221878594e-01
1.801521940606270744e-01 6.876891821469228727e-01
1.800636418353014079e-01 6.890161033857410411e-01
1.802966993871195078e-01 6.849251602053543220e-01
1.802296969388635373e-01 6.863668353119971588e-01
1.804818976928827812e-01 6.825131068902471343e-01
1.800623477526412941e-01 6.886650879588969154e-01
1.804664550083514563e-01 6.833812011873034997e-01
1.795526378832645042e-01 6.957618955701923014e-01
1.803882657099803721e-01 6.854135318035429192e-01
