# time (sec); x,y,z (m); x_err,y_err,z_err (m)
0.000000000000000000e+00 0.000000000000000000e+00 0.000000000000000000e+00 5.000000000000000000e-01 5.000000000000000278e-02 5.000000000000000278e-02 5.000000000000000278e-02
3.337041156840934563e-03 1.667840963364625173e-02 5.654136743808507119e-06 5.049285099405992350e-01 5.000000000000000278e-02 5.000000000000000278e-02 5.000000000000000278e-02
6.674082313681869126e-03 3.334313529296020068e-02 2.234735003735567298e-05 5.097038635342785451e-01 5.000000000000000278e-02 5.000000000000000278e-02 5.000000000000000278e-02
1.001112347052280326e-02 4.999405804233029993e-02 4.966991085962236163e-05 5.143275253674761682e-01 5.000000000000000278e-02 5.000000000000000278e-02 5.000000000000000278e-02
1.334816462736373825e-02 6.663108198550966865e-02 8.721350536604821017e-05 5.188010108012144350e-01 5.000000000000000278e-02 5.000000000000000278e-02 5.000000000000000278e-02
1.668520578420467151e-02 8.325413129570362336e-02 1.345818535527087284e-04 5.231258700350428503e-01 5.000000000000000278e-02 5.000000000000000278e-02 5.000000000000000278e-02
2.002224694104560651e-02 9.986314654046743455e-02 1.913992844531599486e-04 5.273036662551722209e-01 5.000000000000000278e-02 5.000000000000000278e-02 5.000000000000000278e-02
2.335928809788654151e-02 1.164580806674345853e-01 2.573167231450804930e-04 5.313359505126701299e-01 5.000000000000000278e-02 5.000000000000000278e-02 5.000000000000000278e-02
2.669632925472747650e-02 1.330388950264595194e-01 3.320149442721817101e-04 5.352242361866746956e-01 5.000000000000000278e-02 5.000000000000000278e-02 5.000000000000000278e-02
3.003337041156841150e-02 1.496055557672926750e-01 4.152052412269966364e-04 5.389699757722150597e-01 5.000000000000000278e-02 5.000000000000000278e-02 5.000000000000000278e-02
3.337041156840934303e-02 1.661580308871875578e-01 5.066278230375490833e-04 5.425745423343720786e-01 5.000000000000000278e-02 5.000000000000000278e-02 5.000000000000000278e-02
3.670745272525027803e-02 1.826962881297972963e-01 6.060483045201957167e-04 5.460392173707249164e-01 5.000000000000000278e-02 5.000000000000000278e-02 5.000000000000000278e-02
4.004449388209121302e-02 1.992202938662710476e-01 7.132526564645271005e-04 5.493651860992038172e-01 5.000000000000000278e-02 5.000000000000000278e-02 5.000000000000000278e-02
4.338153503893214802e-02 2.157300130233240909e-01 8.280409884169556440e-04 5.525535404151385999e-01 5.000000000000000278e-02 5.000000000000000278e-02 5.000000000000000278e-02
4.671857619577308302e-02 2.322254100553202416e-01 9.502205827283667465e-04 5.556052890096960795e-01 5.000000000000000278e-02 5.000000000000000278e-02 5.000000000000000278e-02
5.005561735261401801e-02 2.487064508807649288e-01 1.079598684053962318e-03 5.585213734746728997e-01 5.000000000000000278e-02 5.000000000000000278e-02 5.000000000000000278e-02
5.339265850945495301e-02 2.651731056139301490e-01 1.215975641858996507e-03 5.613026886746557143e-01 5.000000000000000278e-02 5.000000000000000278e-02 5.000000000000000278e-02
5.672969966629588801e-02 2.816253518272729406e-01 1.359139051346348707e-03 5.639501052976457762e-01 5.000000000000000278e-02 5.000000000000000278e-02 5.000000000000000278e-02
6.006674082313682300e-02 2.980631779948518245e-01 1.508859494631614945e-03 5.664644923185966352e-01 5.000000000000000278e-02 5.000000000000000278e-02 5.000000000000000278e-02
6.340378197997775800e-02 3.144865867130223758e-01 1.664888326969297776e-03 5.688467371497046843e-01 5.000000000000000278e-02 5.000000000000000278e-02 5.000000000000000278e-02
6.674082313681868606e-02 3.308955972917471677e-01 1.826957698489074236e-03 5.710977615101989757e-01 5.000000000000000278e-02 5.000000000000000278e-02 5.000000000000000278e-02
7.007786429365962799e-02 3.472902473683133207e-01 1.994782701244365592e-03 5.732185315114807223e-01 5.000000000000000278e-02 5.000000000000000278e-02 5.000000000000000278e-02
7.341490545050055605e-02 3.636705933110656597e-01 2.168065253894270461e-03 5.752100610797142854e-01 5.000000000000000278e-02 5.000000000000000278e-02 5.000000000000000278e-02
7.675194660734149799e-02 3.800367093358917314e-01 2.346499146123850587e-03 5.770734085621186393e-01 5.000000000000000278e-02 5.000000000000000278e-02 5.000000000000000278e-02
8.008898776418242604e-02 3.963886854240228352e-01 2.529775597385502776e-03 5.788096670981309755e-01 5.000000000000000278e-02 5.000000000000000278e-02 5.000000000000000278e-02
8.342602892102336798e-02 4.127266242766903237e-01 2.717588735422731341e-03 5.804199499942490625e-01 5.000000000000000278e-02 5.000000000000000278e-02 5.000000000000000278e-02
8.676307007786429604e-02 4.290506376464683913e-01 2.909640531914948949e-03 5.819053728418548399e-01 5.000000000000000278e-02 5.000000000000000278e-02 5.000000000000000278e-02
9.010011123470523797e-02 4.453608424352225037e-01 3.105644889713977258e-03 5.832670344069015300e-01 5.000000000000000278e-02 5.000000000000000278e-02 5.000000000000000278e-02
9.343715239154616603e-02 4.616573569464284543e-01 3.305330709546089405e-03 5.845059983779177237e-01 5.000000000000000278e-02 5.000000000000000278e-02 5.000000000000000278e-02
9.677419354838710797e-02 4.779402976365261790e-01 3.508443847576020631e-03 5.856232778908124770e-01 5.000000000000000278e-02 5.000000000000000278e-02 5.000000000000000278e-02
1.001112347052280360e-01 4.942097766407547166e-01 3.714747911562372041e-03 5.866198243834574999e-01 5.000000000000000278e-02 5.000000000000000278e-02 5.000000000000000278e-02
1.034482758620689780e-01 5.104659002698181958e-01 3.924023857840967106e-03 5.874965218350187701e-01 5.000000000000000278e-02 5.000000000000000278e-02 5.000000000000000278e-02
1.067853170189099060e-01 5.267087685886314707e-01 4.136068378565989009e-03 5.882541868514441497e-01 5.000000000000000278e-02 5.000000000000000278e-02 5.000000000000000278e-02
1.101223581757508341e-01 5.429384761027049588e-01 4.350691133556279164e-03 5.888935744522476590e-01 5.000000000000000278e-02 5.000000000000000278e-02 5.000000000000000278e-02
1.134593993325917760e-01 5.591551134881350693e-01 4.567710988979718431e-03 5.894153888437335675e-01 5.000000000000000278e-02 5.000000000000000278e-02 5.000000000000000278e-02
1.167964404894327041e-01 5.753587702077470611e-01 4.786951557697565439e-03 5.898202979845311722e-01 5.000000000000000278e-02 5.000000000000000278e-02 5.000000000000000278e-02
1.201334816462736460e-01 5.915495377631806440e-01 5.008236457691140307e-03 5.901089504009504605e-01 5.000000000000000278e-02 5.000000000000000278e-02 5.000000000000000278e-02
1.234705228031145741e-01 6.077275132511461564e-01 5.231384776583677954e-03 5.902819925186811867e-01 5.000000000000000278e-02 5.000000000000000278e-02 5.000000000000000278e-02
1.268075639599555160e-01 6.238928028372088264e-01 5.456207223681177124e-03 5.903400847581969924e-01 5.000000000000000278e-02 5.000000000000000278e-02 5.000000000000000278e-02
1.301446051167964579e-01 6.400455247476137810e-01 5.682503360701597270e-03 5.902839147939612507e-01 5.000000000000000278e-02 5.000000000000000278e-02 5.000000000000000278e-02
1.334816462736373721e-01 6.561858114192262725e-01 5.910060147697790596e-03 5.901142066891524873e-01 5.000000000000000278e-02 5.000000000000000278e-02 5.000000000000000278e-02
1.368186874304783140e-01 6.723138105396192499e-01 6.138651859679103255e-03 5.898317250590235927e-01 5.000000000000000278e-02 5.000000000000000278e-02 5.000000000000000278e-02
1.401557285873192560e-01 6.884296848426285642e-01 6.368041264241259582e-03 5.894372739447448772e-01 5.000000000000000278e-02 5.000000000000000278e-02 5.000000000000000278e-02
1.434927697441601979e-01 7.045336106782549290e-01 6.597981834164951681e-03 5.889316906395524187e-01 5.000000000000000278e-02 5.000000000000000278e-02 5.000000000000000278e-02
1.468298109010011121e-01 7.206257755242627683e-01 6.828220713725354288e-03 5.883158352387366508e-01 5.000000000000000278e-02 5.000000000000000278e-02 5.000000000000000278e-02
1.501668520578420540e-01 7.367063747269780860e-01 7.058502153888819575e-03 5.875905771254559262e-01 5.000000000000000278e-02 5.000000000000000278e-02 5.000000000000000278e-02
1.535038932146829960e-01 7.527756078346842239e-01 7.288571155428873530e-03 5.867567799064149492e-01 5.000000000000000278e-02 5.000000000000000278e-02 5.000000000000000278e-02
1.568409343715239379e-01 7.688336749132769210e-01 7.518177083410153803e-03 5.858152864441584784e-01 5.000000000000000278e-02 5.000000000000000278e-02 5.000000000000000278e-02
1.601779755283648521e-01 7.848807732145919314e-01 7.747077024493807806e-03 5.847669055853444986e-01 5.000000000000000278e-02 5.000000000000000278e-02 5.000000000000000278e-02
1.635150166852057940e-01 8.009170945133322617e-01 7.975038649648689276e-03 5.836124019666929508e-01 5.000000000000000278e-02 5.000000000000000278e-02 5.000000000000000278e-02
1.668520578420467360e-01 8.169428233510671600e-01 8.201842334520278652e-03 5.823524899213127215e-01 5.000000000000000278e-02 5.000000000000000278e-02 5.000000000000000278e-02
1.701890989988876501e-01 8.329581363355882395e-01 8.427282301430444322e-03 5.809878320507626537e-01 5.000000000000000278e-02 5.000000000000000278e-02 5.000000000000000278e-02
1.735261401557285921e-01 8.489632025478891508e-01 8.651166601072977913e-03 5.795190425256496747e-01 5.000000000000000278e-02 5.000000000000000278e-02 5.000000000000000278e-02
1.768631813125695340e-01 8.649581850108624126e-01 8.873315855469477917e-03 5.779466946840707831e-01 5.000000000000000278e-02 5.000000000000000278e-02 5.000000000000000278e-02
1.802002224694104759e-01 8.809432430766367395e-01 9.093560825915768600e-03 5.762713320642127712e-01 5.000000000000000278e-02 5.000000000000000278e-02 5.000000000000000278e-02
1.835372636262513901e-01 8.969185354981200620e-01 9.311739023738423854e-03 5.744934816763678231e-01 5.000000000000000278e-02 5.000000000000000278e-02 5.000000000000000278e-02
1.868743047830923321e-01 9.128842238728311909e-01 9.527690713837173517e-03 5.726136681186294597e-01 5.000000000000000278e-02 5.000000000000000278e-02 5.000000000000000278e-02
1.902113459399332740e-01 9.288404760945185856e-01 9.741254741038660528e-03 5.706324270840626989e-01 5.000000000000000278e-02 5.000000000000000278e-02 5.000000000000000278e-02
1.935483870967742159e-01 9.447874694318378896e-01 9.952264620953801127e-03 5.685503168956612674e-01 5.000000000000000278e-02 5.000000000000000278e-02 5.000000000000000278e-02
1.968854282536151301e-01 9.607253928817447441e-01 1.016054528250433762e-02 5.663679269274486394e-01 5.000000000000000278e-02 5.000000000000000278e-02 5.000000000000000278e-02
2.002224694104560720e-01 9.766544485200528980e-01 1.036591074703440210e-02 5.640858821035287241e-01 5.000000000000000278e-02 5.000000000000000278e-02 5.000000000000000278e-02
2.035595105672970140e-01 9.925748516854892012e-01 1.056816290680021031e-02 5.617048430786900637e-01 5.000000000000000278e-02 5.000000000000000278e-02 5.000000000000000278e-02
2.068965517241379559e-01 1.008486829971702470e+00 1.076709144953481335e-02 5.592255021552584582e-01 5.000000000000000278e-02 5.000000000000000278e-02 5.000000000000000278e-02
2.102335928809788701e-01 1.024390621143119073e+00 1.096247488275207786e-02 5.566485754341414793e-01 5.000000000000000278e-02 5.000000000000000278e-02 5.000000000000000278e-02
2.135706340378198120e-01 1.040286470214536463e+00 1.115408254410027965e-02 5.539747920881190613e-01 5.000000000000000278e-02 5.000000000000000278e-02 5.000000000000000278e-02
2.169076751946607540e-01 1.056174626023917540e+00 1.134167743416241055e-02 5.512048819403518873e-01 5.000000000000000278e-02 5.000000000000000278e-02 5.000000000000000278e-02
2.202447163515016682e-01 1.072055337673120556e+00 1.152501966300052347e-02 5.483395626976564907e-01 5.000000000000000278e-02 5.000000000000000278e-02 5.000000000000000278e-02
2.235817575083426101e-01 1.087928851211291237e+00 1.170387025243515774e-02 5.453795282091451480e-01 5.000000000000000278e-02 5.000000000000000278e-02 5.000000000000000278e-02
2.269187986651835520e-01 1.103795406895404563e+00 1.187799498382630450e-02 5.423254389927514296e-01 5.000000000000000278e-02 5.000000000000000278e-02 5.000000000000000278e-02
2.302558398220244940e-01 1.119655237291935279e+00 1.204716793826675521e-02 5.391779160113567837e-01 5.000000000000000278e-02 5.000000000000000278e-02 5.000000000000000278e-02
2.335928809788654081e-01 1.135508566392986030e+00 1.221117436149686888e-02 5.359375383158380135e-01 5.000000000000000278e-02 5.000000000000000278e-02 5.000000000000000278e-02
2.369299221357063501e-01 1.151355609819233239e+00 1.236981251788589649e-02 5.326048447483473502e-01 5.000000000000000278e-02 5.000000000000000278e-02 5.000000000000000278e-02
2.402669632925472920e-01 1.167196576078198156e+00 1.252289428492844338e-02 5.291803394640358649e-01 5.000000000000000278e-02 5.000000000000000278e-02 5.000000000000000278e-02
2.436040044493882339e-01 1.183031668745901932e+00 1.267024437601274242e-02 5.256645006318882984e-01 5.000000000000000278e-02 5.000000000000000278e-02 5.000000000000000278e-02
2.469410456062291481e-01 1.198861089349130715e+00 1.281169824421781421e-02 5.220577913570657591e-01 5.000000000000000278e-02 5.000000000000000278e-02 5.000000000000000278e-02
2.502780867630701178e-01 1.214685040651461989e+00 1.294709888378386617e-02 5.183606716582357388e-01 5.000000000000000278e-02 5.000000000000000278e-02 5.000000000000000278e-02
2.536151279199110320e-01 1.230503729997146189e+00 1.307629287829831406e-02 5.145736102499176567e-01 5.000000000000000278e-02 5.000000000000000278e-02 5.000000000000000278e-02
2.569521690767519462e-01 1.246317372351051445e+00 1.319912612348755551e-02 5.106970949244467040e-01 5.000000000000000278e-02 5.000000000000000278e-02 5.000000000000000278e-02
2.602892102335929159e-01 1.262126192696237936e+00 1.331543966930894864e-02 5.067316404916274442e-01 5.000000000000000278e-02 5.000000000000000278e-02 5.000000000000000278e-02
2.636262513904338300e-01 1.277930427514811118e+00 1.342506608697560493e-02 5.026777934978451379e-01 5.000000000000000278e-02 5.000000000000000278e-02 5.000000000000000278e-02
2.669632925472747442e-01 1.293730325177637530e+00 1.352782668806166641e-02 4.985361332838877946e-01 5.000000000000000278e-02 5.000000000000000278e-02 5.000000000000000278e-02
2.703003337041157139e-01 1.309526145192672963e+00 1.362352982492842472e-02 4.943072693194462408e-01 5.000000000000000278e-02 5.000000000000000278e-02 5.000000000000000278e-02
2.736373748609566281e-01 1.325318156393918478e+00 1.371197040043030738e-02 4.899918351365595282e-01 5.000000000000000278e-02 5.000000000000000278e-02 5.000000000000000278e-02
2.769744160177975423e-01 1.341106634274857878e+00 1.379293061876814622e-02 4.855904795355397985e-01 5.000000000000000278e-02 5.000000000000000278e-02 5.000000000000000278e-02
2.803114571746385120e-01 1.356891857765247789e+00 1.386618191873624853e-02 4.811038560193182656e-01 5.000000000000000278e-02 5.000000000000000278e-02 5.000000000000000278e-02
2.836484983314794261e-01 1.372674105806693134e+00 1.393148794164874270e-02 4.765326115946307839e-01 5.000000000000000278e-02 5.000000000000000278e-02 5.000000000000000278e-02
2.869855394883203958e-01 1.388453654095761269e+00 1.398860829624009976e-02 4.718773761400311129e-01 5.000000000000000278e-02 5.000000000000000278e-02 5.000000000000000278e-02
2.903225806451613100e-01 1.404230772334817523e+00 1.403730279547641541e-02 4.671387534719972923e-01 5.000000000000000278e-02 5.000000000000000278e-02 5.000000000000000278e-02
2.936596218020022242e-01 1.420005722267715154e+00 1.407733576739977031e-02 4.623173150489819361e-01 5.000000000000000278e-02 5.000000000000000278e-02 5.000000000000000278e-02
2.969966629588431939e-01 1.435778756688825819e+00 1.410848000027439299e-02 4.574135969580856442e-01 5.000000000000000278e-02 5.000000000000000278e-02 5.000000000000000278e-02
3.003337041156841081e-01 1.451550119511295422e+00 1.413051988952288875e-02 4.524281004671865114e-01 5.000000000000000278e-02 5.000000000000000278e-02 5.000000000000000278e-02
3.036707452725250223e-01 1.467320046873058725e+00 1.414325341945694460e-02 4.473612960371083913e-01 5.000000000000000278e-02 5.000000000000000278e-02 5.000000000000000278e-02
3.070077864293659919e-01 1.483088769156450049e+00 1.414649273486901643e-02 4.422136303209130981e-01 5.000000000000000278e-02 5.000000000000000278e-02 5.000000000000000278e-02
3.103448275862069061e-01 1.498856513706745108e+00 1.414006322013045165e-02 4.369855353703482326e-01 5.000000000000000278e-02 5.000000000000000278e-02 5.000000000000000278e-02
3.136818687430478758e-01 1.514623507963657856e+00 1.412380118118619805e-02 4.316774390541280315e-01 5.000000000000000278e-02 5.000000000000000278e-02 5.000000000000000278e-02
3.170189098998887900e-01 1.530389982674654981e+00 1.409755038869364013e-02 4.262897755882883444e-01 5.000000000000000278e-02 5.000000000000000278e-02 5.000000000000000278e-02
3.203559510567297042e-01 1.546156174845336517e+00 1.406115786420542198e-02 4.208229950894977200e-01 5.000000000000000278e-02 5.000000000000000278e-02 5.000000000000000278e-02
3.236929922135706739e-01 1.561922330104218881e+00 1.401446935987338445e-02 4.152775711825145710e-01 5.000000000000000278e-02 5.000000000000000278e-02 5.000000000000000278e-02
3.270300333704115880e-01 1.577688704217372839e+00 1.395732499358629843e-02 4.096540059062936945e-01 5.000000000000000278e-02 5.000000000000000278e-02 5.000000000000000278e-02
3.303670745272525022e-01 1.593455563578564327e+00 1.388955546344535635e-02 4.039528314477155435e-01 5.000000000000000278e-02 5.000000000000000278e-02 5.000000000000000278e-02
3.337041156840934719e-01 1.609223184613579383e+00 1.381097919196030283e-02 3.981746085594448092e-01 5.000000000000000278e-02 5.000000000000000278e-02 5.000000000000000278e-02
3.370411568409343861e-01 1.624991852159994199e+00 1.372140065557996350e-02 3.923199218586333470e-01 5.000000000000000278e-02 5.000000000000000278e-02 5.000000000000000278e-02
3.403781979977753003e-01 1.640761857000181845e+00 1.362061004944165911e-02 3.863893725237760868e-01 5.000000000000000278e-02 5.000000000000000278e-02 5.000000000000000278e-02
3.437152391546162700e-01 1.656533492820470910e+00 1.350838432591553243e-02 3.803835691758527537e-01 5.000000000000000278e-02 5.000000000000000278e-02 5.000000000000000278e-02
3.470522803114571841e-01 1.672307052931230498e+00 1.338448953032768743e-02 3.743031179188963664e-01 5.000000000000000278e-02 5.000000000000000278e-02 5.000000000000000278e-02
3.503893214682981538e-01 1.688082827104230077e+00 1.324868424025714593e-02 3.681486126021769612e-01 5.000000000000000278e-02 5.000000000000000278e-02 5.000000000000000278e-02
3.537263626251390680e-01 1.703861098863949985e+00 1.310072380192865531e-02 3.619206263394958989e-01 5.000000000000000278e-02 5.000000000000000278e-02 5.000000000000000278e-02
3.570634037819799822e-01 1.719642143513169907e+00 1.294036496022620865e-02 3.556197051811935683e-01 5.000000000000000278e-02 5.000000000000000278e-02 5.000000000000000278e-02
3.604004449388209519e-01 1.735426227088666895e+00 1.276737041373173648e-02 3.492463645960391938e-01 5.000000000000000278e-02 5.000000000000000278e-02 5.000000000000000278e-02
3.637374860956618661e-01 1.751213606340843443e+00 1.258151280940099023e-02 3.428010891095122359e-01 5.000000000000000278e-02 5.000000000000000278e-02 5.000000000000000278e-02
3.670745272525027803e-01 1.767004529723312567e+00 1.238257773403562793e-02 3.362843350999814018e-01 5.000000000000000278e-02 5.000000000000000278e-02 5.000000000000000278e-02
3.704115684093437499e-01 1.782799239274924785e+00 1.217036536243871168e-02 3.296965364142070976e-01 5.000000000000000278e-02 5.000000000000000278e-02 5.000000000000000278e-02
3.737486095661846641e-01 1.798597973187207932e+00 1.194469057323547211e-02 3.230381121693516877e-01 5.000000000000000278e-02 5.000000000000000278e-02 5.000000000000000278e-02
3.770856507230255783e-01 1.814400968781483714e+00 1.170538152132000534e-02 3.163094758897505021e-01 5.000000000000000278e-02 5.000000000000000278e-02 5.000000000000000278e-02
3.804226918798665480e-01 1.830208465578266885e+00 1.145227683328915377e-02 3.095110450048906281e-01 5.000000000000000278e-02 5.000000000000000278e-02 5.000000000000000278e-02
3.837597330367074622e-01 1.846020708130850174e+00 1.118522174306059609e-02 3.026432497178371261e-01 5.000000000000000278e-02 5.000000000000000278e-02 5.000000000000000278e-02
3.870967741935484319e-01 1.861837948317313307e+00 1.090406359009376581e-02 2.957065403373808632e-01 5.000000000000000278e-02 5.000000000000000278e-02 5.000000000000000278e-02
3.904338153503893460e-01 1.877660446839871877e+00 1.060864715349649559e-02 2.887013923396780646e-01 5.000000000000000278e-02 5.000000000000000278e-02 5.000000000000000278e-02
3.937708565072302602e-01 1.893488473763572433e+00 1.029881029299579802e-02 2.816283086666944158e-01 5.000000000000000278e-02 5.000000000000000278e-02 5.000000000000000278e-02
3.971078976640712299e-01 1.909322308029905102e+00 9.974380320739033995e-03 2.744878190550602004e-01 5.000000000000000278e-02 5.000000000000000278e-02 5.000000000000000278e-02
4.004449388209121441e-01 1.925162235993976623e+00 9.635171447486462482e-03 2.672804764932704136e-01 5.000000000000000278e-02 5.000000000000000278e-02 5.000000000000000278e-02
4.037819799777530583e-01 1.941008549142997364e+00 9.280983543489110948e-03 2.600068511987860820e-01 5.000000000000000278e-02 5.000000000000000278e-02 5.000000000000000278e-02
4.071190211345940280e-01 1.956861541245488834e+00 8.911602336042824882e-03 2.526675227613040531e-01 5.000000000000000278e-02 5.000000000000000278e-02 5.000000000000000278e-02
4.104560622914349421e-01 1.972721505243306250e+00 8.526801037779734721e-03 2.452630712882658270e-01 5.000000000000000278e-02 5.000000000000000278e-02 5.000000000000000278e-02
4.137931034482759118e-01 1.988588730224601253e+00 8.126343267496905984e-03 2.377940684923771641e-01 5.000000000000000278e-02 5.000000000000000278e-02 5.000000000000000278e-02
4.171301446051168260e-01 2.004463498802656396e+00 7.709986996560498455e-03 2.302610696652358790e-01 5.000000000000000278e-02 5.000000000000000278e-02 5.000000000000000278e-02
4.204671857619577402e-01 2.020346085175855677e+00 7.277489140368674850e-03 2.226646073833178918e-01 5.000000000000000278e-02 5.000000000000000278e-02 5.000000000000000278e-02
4.238042269187987099e-01 2.036236754064929766e+00 6.828610331277441825e-03 2.150051876014017760e-01 5.000000000000000278e-02 5.000000000000000278e-02 5.000000000000000278e-02
4.271412680756396241e-01 2.052135760625705352e+00 6.363119372314924964e-03 2.072832885260464109e-01 5.000000000000000278e-02 5.000000000000000278e-02 5.000000000000000278e-02
4.304783092324805382e-01 2.068043351329836188e+00 5.880796891107011731e-03 1.994993623566278518e-01 5.000000000000000278e-02 5.000000000000000278e-02 5.000000000000000278e-02
4.338153503893215079e-01 2.083959765704640699e+00 5.381437793977350212e-03 1.916538396721515491e-01 5.000000000000000278e-02 5.000000000000000278e-02 5.000000000000000278e-02
4.371523915461624221e-01 2.099885238735457627e+00 4.864852253137998649e-03 1.837471359623409073e-01 5.000000000000000278e-02 5.000000000000000278e-02 5.000000000000000278e-02
4.404894327030033363e-01 2.115820003668172689e+00 4.330865127539687727e-03 1.757796595837227138e-01 5.000000000000000278e-02 5.000000000000000278e-02 5.000000000000000278e-02
4.438264738598443060e-01 2.131764294910817092e+00 3.779313895957178097e-03 1.677518202863887420e-01 5.000000000000000278e-02 5.000000000000000278e-02 5.000000000000000278e-02
4.471635150166852202e-01 2.147718350724653114e+00 3.210045344511365095e-03 1.596640374155033903e-01 5.000000000000000278e-02 5.000000000000000278e-02 5.000000000000000278e-02
4.505005561735261899e-01 2.163682415417635507e+00 2.622911378845120111e-03 1.515167469434935965e-01 5.000000000000000278e-02 5.000000000000000278e-02 5.000000000000000278e-02
4.538375973303671040e-01 2.179656740804894799e+00 2.017764410959233239e-03 1.433104066244006991e-01 5.000000000000000278e-02 5.000000000000000278e-02 5.000000000000000278e-02
4.571746384872080182e-01 2.195641586777723919e+00 1.394452798323779930e-03 1.350454987647320970e-01 5.000000000000000278e-02 5.000000000000000278e-02 5.000000000000000278e-02
4.605116796440489879e-01 2.211637220917357816e+00 7.528167918925349547e-04 1.267225303542424408e-01 5.000000000000000278e-02 5.000000000000000278e-02 5.000000000000000278e-02
4.638487208008899021e-01 2.227643917193067313e+00 9.268538819163753750e-05 1.183420305711553183e-01 5.000000000000000278e-02 5.000000000000000278e-02 5.000000000000000278e-02
4.671857619577308163e-01 2.243661953884496185e+00 -5.861256119012560675e-04 1.099045459443041689e-01 5.000000000000000278e-02 5.000000000000000278e-02 5.000000000000000278e-02
4.705228031145717860e-01 2.259691610953796559e+00 -1.283814149936484328e-03 1.014106336936611424e-01 5.000000000000000278e-02 5.000000000000000278e-02 5.000000000000000278e-02
4.738598442714127001e-01 2.275733167153643599e+00 -2.000591004166475673e-03 9.286085395731465131e-02 5.000000000000000278e-02 5.000000000000000278e-02 5.000000000000000278e-02
4.771968854282536698e-01 2.291786897185012606e+00 -2.736677510281355225e-03 8.425576172712398448e-02 5.000000000000000278e-02 5.000000000000000278e-02 5.000000000000000278e-02
4.805339265850945840e-01 2.307853069210318075e+00 -3.492302123031489590e-03 7.559589934351712559e-02 5.000000000000000278e-02 5.000000000000000278e-02 5.000000000000000278e-02
4.838709677419354982e-01 2.323931942984639232e+00 -4.267696155231932853e-03 6.688179033714070076e-02 5.000000000000000278e-02 5.000000000000000278e-02 5.000000000000000278e-02
4.872080088987764679e-01 2.340023768795976178e+00 -5.063089125304043835e-03 5.811393525664181048e-02 5.000000000000000278e-02 5.000000000000000278e-02 5.000000000000000278e-02
4.905450500556173821e-01 2.356128787314251571e+00 -5.878704197313731547e-03 4.929280990376587457e-02 5.000000000000000278e-02 5.000000000000000278e-02 5.000000000000000278e-02
4.938820912124582962e-01 2.372247230348952129e+00 -6.714754197397682263e-03 4.041886613364318454e-02 5.000000000000000278e-02 5.000000000000000278e-02 5.000000000000000278e-02
4.972191323692992659e-01 2.388379322418504813e+00 -7.571438632928876623e-03 3.149253510085583269e-02 5.000000000000000278e-02 5.000000000000000278e-02 5.000000000000000278e-02
5.005561735261402356e-01 2.404525282950757514e+00 -8.448942030672436029e-03 2.251423257254441326e-02 5.000000000000000278e-02 5.000000000000000278e-02 5.000000000000000278e-02
5.038932146829810943e-01 2.420685328871188258e+00 -9.347433761000714311e-03 1.348436571734267300e-02 5.000000000000000278e-02 5.000000000000000278e-02 5.000000000000000278e-02
5.072302558398220640e-01 2.436859677299142213e+00 -1.026706934773884659e-02 4.403340635705462608e-03 5.000000000000000278e-02 5.000000000000000278e-02 5.000000000000000278e-02
