3.312768060454335806e-01
3.315699081987092955e-01
3.315699081987092955e-01
3.315699081987092955e-01
3.315699081987092955e-01
3.315830660458566337e-01
3.315830660458566337e-01
3.317768124068919966e-01
3.316570643372765415e-01
3.316570643372765415e-01
3.311129311090367233e-01
3.312075922743892287e-01
3.312075922743892287e-01
3.312075922743892287e-01
3.309545401061569914e-01
3.305041918217909713e-01
3.303252551964824257e-01
3.301030244574315042e-01
3.298567189014427470e-01
3.297337124967069100e-01
3.296862082837406227e-01
3.298764758314801648e-01
3.298311919451586416e-01
3.298600636087619109e-01
3.298001790793373966e-01
3.299810799310236020e-01
3.297831369537886359e-01
3.295910071163294930e-01
3.299705072544891760e-01
3.305672251458067756e-01
3.305672251458067756e-01
3.305672251458067756e-01
3.303818830600654954e-01
3.303369774800323788e-01
3.304923332184645512e-01
3.304061767708413866e-01
3.303129541553756487e-01
3.303684002618583193e-01
3.303324839697750481e-01
3.305926271837765218e-01
3.305926271837765218e-01
3.302586769093177610e-01
3.302087288985306457e-01
3.303551740778160051e-01
3.301298490028136690e-01
3.301298490028136690e-01
3.299028179391196858e-01
3.299049170634352213e-01
3.298637296545205433e-01
3.299327396272084267e-01
3.298420648070062300e-01
3.298551013334553583e-01
3.298496910384434155e-01
3.298334581597845427e-01
3.298393375308991682e-01
3.298497934175659285e-01
3.298496530826844353e-01
3.298664905435316208e-01
3.298458010849932842e-01
3.298445646384720598e-01
3.298483972016578725e-01
3.298409923222610507e-01
3.298542757887695798e-01
3.298907295401359852e-01
3.298928299439353173e-01
3.298853665156170623e-01
3.299038750357922711e-01
3.299315623803485420e-01
3.299996352420740964e-01
3.301005117638690090e-01
3.301215776825954240e-01
3.300342924542831180e-01
3.300361784631097306e-01
3.301031834750215999e-01
3.301932857624334527e-01
3.300990381869647328e-01
3.300639625863759363e-01
3.300583712372563427e-01
3.300475087705723176e-01
3.300534657895181634e-01
3.300491408697834306e-01
3.300453542306304167e-01
3.300429681932217640e-01
3.300412042265016277e-01
3.300442762081129411e-01
3.300444186109140476e-01
3.300488959667074451e-01
3.300481022946624710e-01
3.300548660581542615e-01
3.300534433736438400e-01
3.300597049036307351e-01
3.300892060854026533e-01
3.301009207433983628e-01
3.301187937214016266e-01
3.301103326035559338e-01
3.301345246576652959e-01
3.301131470202466889e-01
3.301246577708913388e-01
3.301169610682491151e-01
3.301021126083267254e-01
3.301011052708184290e-01
3.301313020659480957e-01
3.301451010398656627e-01
3.302209403372537433e-01
3.300613903329775445e-01
3.300519716406824511e-01
3.301303158919670633e-01
3.306986315963271195e-01
3.302697902565767674e-01
3.302697902565767674e-01
3.304709076188242500e-01
3.309216808893035711e-01
3.309216808893035711e-01
3.310334877705403689e-01
3.307170453961322254e-01
3.308530870878170216e-01
3.309967282525522747e-01
3.309967282525522747e-01
3.309967282525522747e-01
3.309967282525522747e-01
3.300176113530131072e-01
3.304839812666074406e-01
3.304839812666074406e-01
3.304839812666074406e-01
3.300572200547783330e-01
3.299715058931586009e-01
3.300070192210565745e-01
3.300767811895660153e-01
3.299952457612614909e-01
3.299401970220904867e-01
3.298874256956029205e-01
3.300283286624546286e-01
3.298093132935112637e-01
3.299564262198733111e-01
3.298798936452345676e-01
3.297895593631597899e-01
3.300376546278811496e-01
3.300340643536536223e-01
3.303367301726775618e-01
3.298460790538622622e-01
3.298679747571019449e-01
3.298301232673283012e-01
3.299508171708815385e-01
3.300612933907996482e-01
3.302412712319668930e-01
3.301360529202621574e-01
3.304596388831160803e-01
3.302451558647831464e-01
3.296698958333592056e-01
3.298758681367974788e-01
3.294669199999689657e-01
3.295722466694408492e-01
3.296076283247685312e-01
3.295805721727762538e-01
3.302590115797034986e-01
3.298448466393064105e-01
3.299734681680427939e-01
3.294698344726543215e-01
3.301637891444758610e-01
3.301637891444758610e-01
3.302274926695849544e-01
3.309707567615958745e-01
3.309707567615958745e-01
3.301617998837694246e-01
3.307137308143838772e-01
3.306726412571480700e-01
3.306726412571480700e-01
3.303973430775767328e-01
3.303973430775767328e-01
3.303973430775767328e-01
3.309598231372089527e-01
3.312201863179518035e-01
3.306145151574170216e-01
3.306747245011666392e-01
3.305371799450103620e-01
3.303103909124290305e-01
3.304325623131097456e-01
3.302446620190483961e-01
3.302446620190483961e-01
3.305425241871933761e-01
3.309879168137277450e-01
3.309879168137277450e-01
3.309879168137277450e-01
3.305800588836660947e-01
3.302542582947065597e-01
3.305034834209653605e-01
3.308039044792876471e-01
3.303832054805280194e-01
3.308633831643935652e-01
3.307286674795375525e-01
3.309333280952072021e-01
3.307137437193449214e-01
3.306200252541362516e-01
3.306596997788061043e-01
3.309116537277342340e-01
3.309629785129962753e-01
3.309629785129962753e-01
3.305139661626428360e-01
3.299967902259498542e-01
3.294078007192667856e-01
3.291477548779427331e-01
3.291055997235567410e-01
3.291203302964438304e-01
3.291481230514076151e-01
3.292759657728993039e-01
3.293306870220352178e-01
3.298811485710116398e-01
3.298811485710116398e-01
3.291952199738901186e-01
3.287070599510374946e-01
3.285954618108323233e-01
3.288170825883328097e-01
3.289727378376994804e-01
3.289814290534041064e-01
3.287843466419644867e-01
3.288384438288379230e-01
3.288384438288379230e-01
3.288384438288379230e-01
3.287776740369320327e-01
3.287895216612568561e-01
3.290422923160122304e-01
3.289408825546007997e-01
3.292820887282753572e-01
3.292820887282753572e-01
3.291865549686378567e-01
3.290016189782019596e-01
3.291476221397251489e-01
3.291249904070468468e-01
3.291121700675179174e-01
3.290918965263425200e-01
3.291003350374618885e-01
3.291077320225723746e-01
3.291122175285384199e-01
3.291186073849845517e-01
3.291106125388055803e-01
3.291174010047780985e-01
3.290913447752311094e-01
3.291022944178295662e-01
3.291129794132169883e-01
3.290947732956137073e-01
3.290908276297712098e-01
3.290628738841370193e-01
3.290615384054937920e-01
3.290930757321272049e-01
3.290846411922922488e-01
3.290688064759272335e-01
3.290798146632701315e-01
3.290748776057501601e-01
3.291034725276951178e-01
3.291460401529835988e-01
3.291820333566328749e-01
3.290899834615266251e-01
3.291163902818363685e-01
3.291654195537266903e-01
3.290506242285144434e-01
3.291196996800622721e-01
3.292073186003487417e-01
3.294142370540066311e-01
3.291906490410272390e-01
3.291906490410272390e-01
3.297290642176834985e-01
3.296720998503910316e-01
3.296720998503910316e-01
3.294411912296270617e-01
3.294621151903898149e-01
3.295206778113460855e-01
3.295206778113460855e-01
3.291918170443653979e-01
3.290523182111999567e-01
3.292075514509398282e-01
3.291889904234154285e-01
3.291152013990508718e-01
3.291703216341675953e-01
3.291728676989422175e-01
3.292123370822547801e-01
3.292700632580302100e-01
3.291903520529825822e-01
3.292564195505506830e-01
3.292584764109357520e-01
3.293115861182322468e-01
3.292071522487422519e-01
3.292677228216221441e-01
3.293265977734254335e-01
3.294571822573652553e-01
3.296470791171224879e-01
3.301874994623386628e-01
3.310218487961096301e-01
3.310218487961096301e-01
3.310520891981634795e-01
3.310520891981634795e-01
3.307640973055545608e-01
3.307867983204416662e-01
3.305564446540887880e-01
3.305299371988494328e-01
3.303869388069397561e-01
3.301166644794073513e-01
3.300666720535174736e-01
3.300314902383552074e-01
3.301036125387326603e-01
3.300000210231583408e-01
3.300000210231583408e-01
3.299480234484342134e-01
3.299173774918761071e-01
3.298254687972888011e-01
3.298491562507230856e-01
3.297379825702473344e-01
3.297274055791803438e-01
3.298819369223624509e-01
3.297082379507174088e-01
3.298113387431252930e-01
3.296358511853249573e-01
3.298078452502557489e-01
3.300365298018276272e-01
3.297094198733465653e-01
3.296617151988929240e-01
3.297152460443842914e-01
3.297822709824079768e-01
3.298215859238721737e-01
3.297634430319023591e-01
3.297581944438152113e-01
3.296596016527919559e-01
3.296390518528580782e-01
3.296287546394198742e-01
3.296414335708164334e-01
3.296257207760388552e-01
3.296201926718060338e-01
3.296029263418003841e-01
3.296227749165646093e-01
3.296475196375590055e-01
3.296574981849695885e-01
3.296660964308728570e-01
3.296526130938696730e-01
3.297044185803810756e-01
3.297024460195155937e-01
3.297647526412105234e-01
3.298409915289007843e-01
3.298929200279092089e-01
3.302628751365896398e-01
3.303644997863393051e-01
3.306397890235376891e-01
3.309672112899764151e-01
3.301308597330213090e-01
3.306528721180625463e-01
3.299647604717549920e-01
3.299226641355817446e-01
3.299865837497341636e-01
3.300641481803264221e-01
3.299819661688346839e-01
3.297930385475630333e-01
3.296154002409781847e-01
3.298050334165010811e-01
3.297274799973928250e-01
3.297338243486820919e-01
3.298485868226879725e-01
3.299834910726615056e-01
3.300089968374603222e-01
3.300351593777683390e-01
3.300407116758763415e-01
3.303316912284829376e-01
3.308713038773543613e-01
3.308713038773543613e-01
3.308713038773543613e-01
3.308713038773543613e-01
3.307606556239756079e-01
3.311739128253421982e-01
3.311739128253421982e-01
3.304050968411224032e-01
3.312538855900401535e-01
3.312538855900401535e-01
3.311876660079631773e-01
3.305686770838741073e-01
3.304406146863028693e-01
3.301385149022784127e-01
3.300251964132796534e-01
3.302276702652987006e-01
3.300369078046997418e-01
3.299168341161137219e-01
3.300281571841414685e-01
3.302640347538188803e-01
3.308868876056328956e-01
3.308868876056328956e-01
3.308868876056328956e-01
3.308868876056328956e-01
3.308868876056328956e-01
3.308868876056328956e-01
3.300842706471321941e-01
3.300842706471321941e-01
3.297714167440824462e-01
3.301943208821275788e-01
3.299131013049106387e-01
3.298386411612790337e-01
3.301341423785850160e-01
3.300897719302199329e-01
3.297673049663733535e-01
3.296005802771654891e-01
3.295183793821899743e-01
3.296645861560780211e-01
3.297442083283235736e-01
3.299368261806560065e-01
3.302416380121060424e-01
3.299300439947276398e-01
3.300478527734901912e-01
3.309155720873842577e-01
3.314238467888935280e-01
3.314238467888935280e-01
3.308080442147169342e-01
3.308080442147169342e-01
3.308180845297850614e-01
3.308068159920316553e-01
3.308179330338201218e-01
3.305996314139993397e-01
3.306020945376456077e-01
3.307684591534570950e-01
3.306197548092867922e-01
3.306197548092867922e-01
3.306232970815731753e-01
3.306950436891054057e-01
3.305165683173150737e-01
3.307188192637056656e-01
3.308426338080842632e-01
3.304869819231964212e-01
3.305599569543927752e-01
3.305599569543927752e-01
3.309320238750481646e-01
3.307423636940351463e-01
3.305618488671381305e-01
3.307367574994701798e-01
3.304112448136671820e-01
3.305971889517221318e-01
3.310305681581138249e-01
3.310305681581138249e-01
3.310200381359003630e-01
3.309959137152467257e-01
3.313534146608192454e-01
3.313534146608192454e-01
3.309397201022438173e-01
3.306472219341360375e-01
3.308582444654190602e-01
3.308674510655468803e-01
3.308674510655468803e-01
3.308674510655468803e-01
3.308674510655468803e-01
3.308674510655468803e-01
3.306791407161025487e-01
3.306791407161025487e-01
3.310128497085675359e-01
3.314946992062091091e-01
3.314946992062091091e-01
3.314946992062091091e-01
3.314946992062091091e-01
3.311876411824515865e-01
3.310479379923634835e-01
3.310479379923634835e-01
3.307972756300253114e-01
3.303336984650195873e-01
3.302687369209318935e-01
3.303660692668806131e-01
3.307308543938334844e-01
3.307308543938334844e-01
3.312123804279766270e-01
3.308455759926577366e-01
3.309328944844530107e-01
3.311804177041594022e-01
3.311865623001219450e-01
3.308927470701951146e-01
3.312060229137693823e-01
3.314947565781988792e-01
3.314947565781988792e-01
3.314947565781988792e-01
3.314947565781988792e-01
3.315206558249083613e-01
3.314290218658151876e-01
3.314290218658151876e-01
3.318953059407098172e-01
3.317443535025170198e-01
3.314841659720928480e-01
3.310482380416048254e-01
3.306144273267659917e-01
3.306144273267659917e-01
3.306144273267659917e-01
3.306144273267659917e-01
3.309983859734835221e-01
3.306279123404310960e-01
3.302922195894790747e-01
3.308071321104786300e-01
3.308071321104786300e-01
3.308071321104786300e-01
3.305261401419266054e-01
3.303282570750986635e-01
3.303282570750986635e-01
3.306734815013011586e-01
3.306734815013011586e-01
3.306734815013011586e-01
3.306734815013011586e-01
3.306734815013011586e-01
3.306734815013011586e-01
3.306744827251127394e-01
3.306744827251127394e-01
3.309382137190071682e-01
3.303917603750001764e-01
3.304729520596300096e-01
3.308747873548418816e-01
3.311008960910512555e-01
3.312250452620464913e-01
3.316662327067451677e-01
3.314218436381638488e-01
3.308295304107754520e-01
3.310213936534883716e-01
3.310213936534883716e-01
3.309235545376835730e-01
3.304449734529234517e-01
3.301629881883385020e-01
3.304284957315303251e-01
3.304284957315303251e-01
3.304284957315303251e-01
3.304284957315303251e-01
3.304284957315303251e-01
3.308623838469799128e-01
3.308623838469799128e-01
3.309047808360383591e-01
3.313864436385760559e-01
3.310628930134478787e-01
3.314057195861049299e-01
3.314057195861049299e-01
3.318655807423156467e-01
3.318655807423156467e-01
3.314280992699583650e-01
3.308503992528272764e-01
3.300636001925014162e-01
3.308607962207124609e-01
3.299876203147812381e-01
3.293970434294261063e-01
3.288936218846952864e-01
3.295475556180499921e-01
3.292016659897701314e-01
3.300221003424366750e-01
3.300221003424366750e-01
3.293390402151405438e-01
3.291280023044728664e-01
3.291280023044728664e-01
3.291334257704997546e-01
3.293088502136047313e-01
3.292509064832626065e-01
3.294029911036496228e-01
3.293965098338382802e-01
3.292462204469059905e-01
3.295119703168014613e-01
3.296371554059692177e-01
3.297245483852674353e-01
3.293511109250739644e-01
3.296775790315818466e-01
3.295352568375036206e-01
3.295714643266113297e-01
3.295920860994435708e-01
3.298619723831499040e-01
3.300166478713738027e-01
3.296983368544018633e-01
3.295917034293211478e-01
3.304716810927680326e-01
3.305247707841920124e-01
3.302375360942946259e-01
3.302375360942946259e-01
3.302375360942946259e-01
3.301549148701425906e-01
3.295395384165363817e-01
3.294047564567151865e-01
3.294255127231816571e-01
3.296138541182285220e-01
3.298825947335056186e-01
3.298943431009512262e-01
3.300420596889777625e-01
3.306901576046707425e-01
3.310146844106643949e-01
3.314029028423568501e-01
3.306571351204705689e-01
3.305422066302128870e-01
3.313306812673935120e-01
3.317994193598311492e-01
3.316138849478160178e-01
3.310762708915641062e-01
3.310996808718323914e-01
3.309481568315317257e-01
3.309863409115095245e-01
3.305309374591977045e-01
3.304637523442280900e-01
3.298997968702880867e-01
3.298317982755481492e-01
3.299416792338478732e-01
3.300461646589418208e-01
3.299525739828939042e-01
3.293824595860661564e-01
3.298742705528781016e-01
3.299488531299694660e-01
3.299782826008015868e-01
3.303791533859746776e-01
3.301886918950070471e-01
3.300014973015713005e-01
3.303313849026848215e-01
3.303589795454659472e-01
3.300744201550360746e-01
3.298759014635719855e-01
3.298670054473700208e-01
3.299540289384649272e-01
3.299165452605488102e-01
3.298409785304514119e-01
3.298112826055898394e-01
3.298686653385145551e-01
3.298329856788874692e-01
3.299623361596462634e-01
3.300896687083983982e-01
3.299332807348457353e-01
3.298809647513091248e-01
3.298903676359886683e-01
3.302780170800248549e-01
3.300385825207787782e-01
3.298840019611198882e-01
3.302418838922660527e-01
3.302418838922660527e-01
3.305565411032781453e-01
3.305071673478937044e-01
3.306510342675993419e-01
3.306510342675993419e-01
3.303058831898365577e-01
3.306467914647530648e-01
3.304176420709480921e-01
3.301099087616856109e-01
3.302354728332531075e-01
3.299916892699941151e-01
3.299916892699941151e-01
3.302835804756826810e-01
3.307858450375003034e-01
3.302586653720585574e-01
3.304739142553432263e-01
3.302056545202430304e-01
3.303298891830310224e-01
3.303298891830310224e-01
3.302768608099551084e-01
3.304385621679659102e-01
3.309910283776669182e-01
3.307750118831943587e-01
3.307750118831943587e-01
3.299741795477968975e-01
3.300550942496971452e-01
3.304905869527925977e-01
3.300527260393048556e-01
3.297251377727063448e-01
3.296441008677711837e-01
3.296680515882865481e-01
3.296340719557406262e-01
3.296450181173471994e-01
3.296289095184479212e-01
3.296203481359216148e-01
3.296250034722070787e-01
3.296273364595919131e-01
3.296264025281491761e-01
3.296181755208130171e-01
3.296205719024332681e-01
3.296322246239887788e-01
3.296274290871301638e-01
3.296001120700757792e-01
3.295748816847719476e-01
3.295520874375341691e-01
3.295682596581432366e-01
3.295689530538957746e-01
3.295792492007747487e-01
3.295934685260791253e-01
3.296866571520351563e-01
3.296888197015098720e-01
3.297378423201745568e-01
3.297868408423246245e-01
3.299647444583745926e-01
3.298395722321044166e-01
3.301625377222090485e-01
3.306843253981638919e-01
3.310756362496815042e-01
3.310756362496815042e-01
3.310756362496815042e-01
3.310756362496815042e-01
3.310756362496815042e-01
3.310052187247353173e-01
3.302016430376171763e-01
3.302016430376171763e-01
3.302016430376171763e-01
3.304676147372015427e-01
3.301370652235497416e-01
3.301370652235497416e-01
3.299257666894082619e-01
3.298253981123146494e-01
3.296694296478648312e-01
3.296820885203117779e-01
3.296851955790119915e-01
3.293827270884811531e-01
3.294793018438860188e-01
3.297249162447474791e-01
3.298117326176365771e-01
3.295006154676150545e-01
3.294974113440704566e-01
3.296241617997617279e-01
3.299727476821365246e-01
3.300984269980070107e-01
3.297423411556155703e-01
3.301543981498347713e-01
3.300581944524723088e-01
3.296706544423455010e-01
3.302492270140751640e-01
3.302492270140751640e-01
3.293747409694032235e-01
3.297591606334438485e-01
3.309814204517744218e-01
3.309814204517744218e-01
3.307028658097523333e-01
3.303677964252191845e-01
3.297570356261984581e-01
3.293759728231486772e-01
3.293492690066636697e-01
3.293935366711809865e-01
3.297907001878933042e-01
3.301932881696681421e-01
3.298860644908355733e-01
3.296242937029499886e-01
3.300446620087149063e-01
3.300893772852703245e-01
3.302168429900497748e-01
3.300149200904619606e-01
3.307062262730103286e-01
3.302825567907838322e-01
3.299343250108679459e-01
3.299343250108679459e-01
3.305466154987194982e-01
3.305466154987194982e-01
3.301263398138716276e-01
3.308823276507893429e-01
3.303731198049555950e-01
3.298889428394768397e-01
3.299297658702171065e-01
3.299505837360851568e-01
3.302231471714077160e-01
3.305067171384234448e-01
3.305302786649941260e-01
3.300949593668052184e-01
3.300906495547004105e-01
3.299802871952882688e-01
3.301662843406850123e-01
3.297735493084870129e-01
3.297735493084870129e-01
3.297735493084870129e-01
3.305142543580895653e-01
3.307840006119939780e-01
3.307840006119939780e-01
3.314000056739165312e-01
3.314000056739165312e-01
3.314000056739165312e-01
3.314000056739165312e-01
3.309863756450414640e-01
3.309504805830428276e-01
3.309504805830428276e-01
3.302637401373704207e-01
3.303640603492245531e-01
3.311633425233456163e-01
3.311633425233456163e-01
3.311633425233456163e-01
3.303194540695135184e-01
3.303194540695135184e-01
3.303194540695135184e-01
3.304253973247568976e-01
3.304253973247568976e-01
3.309948822475078933e-01
3.309948822475078933e-01
3.294003249272771661e-01
3.294003249272771661e-01
3.294003249272771661e-01
3.287421508918157431e-01
3.292731627298444708e-01
3.293998305807106508e-01
3.295152201586975527e-01
3.291887977119662412e-01
3.291887977119662412e-01
3.290650945681226625e-01
3.290650945681226625e-01
3.291992139232013392e-01
3.294978449339990290e-01
3.294978449339990290e-01
3.295118205656514254e-01
3.296942372521624032e-01
3.293113962721281318e-01
3.296780871431944648e-01
3.299765887097546035e-01
3.299765887097546035e-01
3.293883407838045785e-01
3.292703860599742738e-01
3.292010958369063212e-01
3.290796815253340113e-01
3.291996433082602924e-01
3.291996433082602924e-01
3.293244111635433291e-01
3.302623714543370670e-01
3.301971557713446193e-01
3.309118916555849887e-01
3.309118916555849887e-01
3.304475439521317726e-01
3.303661309155204728e-01
3.308762791501203560e-01
3.303167900746240560e-01
3.308309203352937100e-01
3.308005887305365267e-01
3.308005887305365267e-01
3.308005887305365267e-01
3.308005887305365267e-01
3.307114766358926761e-01
3.314258066062296670e-01
3.314258066062296670e-01
3.314258066062296670e-01
3.307331214928793672e-01
3.307331214928793672e-01
3.307331214928793672e-01
3.308471660511923540e-01
3.307508969190824932e-01
3.305891872579446722e-01
3.305891872579446722e-01
3.304415083974099332e-01
3.298859939850558032e-01
3.301346866823345882e-01
3.295579008573604751e-01
3.292198441911788342e-01
3.290019411272365191e-01
3.288581944896623033e-01
3.288581944896623033e-01
3.288581944896623033e-01
3.288388931190541764e-01
3.286941870368915164e-01
3.290361131971889508e-01
3.291942985207605976e-01
3.296021004137979493e-01
3.288675864467487941e-01
3.288675864467487941e-01
3.288439676392140298e-01
3.287344889392805336e-01
3.286028955303733623e-01
3.286882010061185078e-01
3.287238994779793644e-01
3.286728526071607814e-01
3.285754235500148446e-01
3.285754235500148446e-01
3.286958524605765875e-01
3.287578006021185661e-01
3.287578006021185661e-01
3.288205355001853625e-01
3.288117184203853127e-01
3.288848562968180733e-01
3.288699898884562267e-01
3.292465905116928604e-01
3.289197685931236070e-01
3.289197685931236070e-01
3.290295073726380859e-01
3.289190351681727242e-01
3.295688306377804744e-01
3.296372963441259740e-01
3.296372963441259740e-01
3.300676603154907851e-01
3.307973538176911532e-01
3.307905497599050171e-01
3.313023799847194528e-01
3.304357063125663574e-01
3.309163241694237367e-01
3.308343924796732782e-01
3.309273154714266751e-01
3.313170616221862153e-01
3.313170616221862153e-01
3.313170616221862153e-01
3.313170616221862153e-01
3.313170616221862153e-01
3.313170616221862153e-01
3.304788530826983650e-01
3.304788530826983650e-01
3.304788530826983650e-01
3.300789271833549643e-01
3.300068903257910025e-01
3.307453708815555893e-01
3.307453708815555893e-01
3.307453708815555893e-01
3.302586587579681154e-01
3.302586587579681154e-01
3.305562045802420412e-01
3.300882352661865249e-01
3.308102250873753980e-01
3.308102250873753980e-01
3.307141932172776300e-01
3.303142755827223609e-01
3.301881740149534838e-01
3.306376604538188713e-01
3.311108693480495635e-01
3.306489699896900114e-01
3.306401749702639337e-01
3.304249233768286054e-01
3.302713268700819271e-01
3.304800528248509339e-01
3.305161080891099168e-01
3.304031520286535573e-01
3.304031520286535573e-01
3.300339597908404921e-01
3.302798534863564117e-01
3.302798534863564117e-01
3.300800467986432229e-01
3.300875149936594588e-01
3.301058320933514811e-01
3.298943421336741344e-01
3.298943421336741344e-01
3.296312254434900502e-01
3.297388880123405808e-01
3.298198778834622868e-01
3.297791518702095637e-01
3.297791518702095637e-01
3.299277777188874272e-01
3.298322329617908721e-01
3.300485837347024720e-01
3.300552329356778447e-01
3.299661457094759109e-01
3.303875726238296728e-01
3.306918554475177241e-01
3.307282524583600725e-01
3.307282524583600725e-01
3.307282524583600725e-01
3.304071260752141082e-01
3.304071260752141082e-01
3.306734545270161307e-01
3.307799437411862997e-01
3.305790823100245857e-01
3.306987555046801974e-01
3.304626330475980422e-01
3.305077620441554953e-01
3.309979822568463459e-01
3.309979822568463459e-01
3.311631980509149309e-01
3.313645350230011166e-01
3.313645350230011166e-01
3.313645350230011166e-01
3.313645350230011166e-01
3.313645350230011166e-01
3.318865229729965338e-01
3.318865229729965338e-01
3.318865229729965338e-01
3.310515616978024211e-01
3.309965773456219340e-01
3.311906173185142910e-01
3.313234555735092846e-01
3.314449486846824944e-01
3.313103122687117708e-01
3.313103122687117708e-01
3.310966815287941234e-01
3.311353865639699023e-01
3.312211891917832829e-01
3.312578061371814764e-01
3.311167020976658604e-01
3.310319833599884576e-01
3.311049664240920953e-01
3.311049664240920953e-01
3.314332572953869738e-01
3.317055923094240910e-01
3.317055923094240910e-01
3.306845604311649534e-01
3.306845604311649534e-01
3.305765088653181416e-01
3.305765088653181416e-01
3.305964698979062533e-01
3.305872787230937360e-01
3.305872787230937360e-01
3.303798532966153445e-01
3.303798532966153445e-01
3.303798532966153445e-01
3.303798532966153445e-01
3.305007930459246679e-01
3.309900569254750624e-01
3.309900569254750624e-01
3.309900569254750624e-01
3.309900569254750624e-01
3.309900569254750624e-01
3.309900569254750624e-01
3.314512885713444268e-01
3.314512885713444268e-01
3.313998166561062941e-01
3.309524870683246411e-01
3.307860906391092426e-01
3.310484419560884572e-01
3.310484419560884572e-01
3.300764798518956433e-01
3.305252085181493160e-01
3.302218428788012416e-01
3.306282061205215173e-01
3.300101632799447571e-01
3.300101632799447571e-01
3.302116328928782485e-01
3.302116328928782485e-01
3.302116328928782485e-01
3.306149149412933030e-01
3.308005774710862656e-01
3.307862504156194317e-01
3.307862504156194317e-01
3.316709703724539104e-01
3.316709703724539104e-01
3.316709703724539104e-01
3.305260610491267959e-01
3.295702246683343550e-01
3.295702246683343550e-01
3.292201658525107932e-01
3.301924220159939138e-01
3.307556848809447003e-01
3.302694365972321799e-01
3.303220508320605653e-01
3.291775074965638259e-01
3.291775074965638259e-01
3.287813743048603188e-01
3.291305405602298340e-01
3.291305405602298340e-01
3.291305405602298340e-01
3.292338367580044944e-01
3.292338367580044944e-01
3.293345459066302494e-01
3.293376864790746317e-01
3.293376864790746317e-01
3.293376864790746317e-01
3.294079952515642784e-01
3.293976912462583950e-01
3.294316458048769936e-01
3.294351941079278201e-01
3.290824337122486565e-01
3.289632434328225719e-01
3.289632434328225719e-01
3.291508227594011626e-01
3.293129795299388207e-01
3.295685215861233752e-01
3.300166818755586040e-01
3.296624777752068525e-01
3.296624777752068525e-01
3.299523770318502081e-01
3.301988570997025363e-01
3.301880439006770751e-01
3.301658497336648068e-01
3.300110706410992467e-01
3.299080486726459482e-01
3.300454507247804203e-01
3.297396371203362153e-01
3.296475938994389288e-01
3.298218317470981154e-01
3.294205696636666181e-01
3.294205696636666181e-01
3.296631351285808087e-01
3.297763291064740310e-01
3.297908713893589749e-01
3.297311611730944225e-01
3.297311611730944225e-01
3.297739820494752783e-01
3.298023987671078183e-01
3.298078885195891430e-01
3.298189877200372044e-01
3.298285990641579568e-01
3.298378073754680839e-01
3.298297728240646154e-01
3.298235141175629437e-01
3.298258370491596869e-01
3.298091517267752737e-01
3.298261551940565028e-01
3.298253947981999445e-01
3.298177119469286600e-01
3.298309126602383401e-01
3.298598711901879477e-01
3.298511791258885717e-01
3.298623649859175333e-01
3.298539394097891320e-01
3.298539394097891320e-01
3.298816896460383674e-01
3.299348961823294624e-01
3.299349768023389640e-01
3.298374526438431209e-01
3.299259298895945158e-01
3.299541363902369073e-01
3.299910048096181270e-01
3.300164170820091281e-01
3.300313133298514723e-01
3.300378378250273803e-01
3.300416196767756438e-01
3.300411337001875056e-01
3.300392551354817683e-01
3.300371297435167883e-01
3.300380379007865073e-01
3.300396722054039222e-01
3.300359003892013310e-01
3.300407625151025592e-01
3.300380670794360038e-01
3.300411915277764452e-01
3.300325521619613678e-01
3.300279054775980825e-01
3.300457044975918519e-01
3.300660913039316635e-01
3.300185105209138547e-01
3.300332556718332255e-01
3.300547490421592012e-01
3.300673204072143707e-01
3.300172690349408300e-01
3.300304304417033263e-01
3.300196463483054399e-01
3.299577719509997342e-01
3.300148610899822921e-01
3.300206441325008178e-01
3.298808768458295071e-01
3.297708126236915671e-01
3.297829632609573514e-01
3.295521629566322552e-01
3.295093558393408784e-01
3.295093558393408784e-01
3.298453536674794684e-01
3.298453536674794684e-01
3.291029080257778516e-01
3.297114659805874815e-01
3.299238363011710584e-01
3.299871242206038890e-01
3.299959477513024209e-01
3.295634418710062796e-01
3.295634418710062796e-01
3.289191410655372683e-01
3.289191410655372683e-01
3.288017336358958764e-01
3.276877010190347717e-01
3.287070743984634169e-01
3.295754529219496742e-01
3.295754529219496742e-01
3.295536558105063296e-01
3.296527231075042641e-01
3.298345889576319023e-01
3.296836301954896298e-01
3.296961614551002229e-01
3.297178836613547381e-01
3.295078881851959962e-01
3.294127863063490147e-01
3.293685086798293638e-01
3.293685086798293638e-01
3.293685086798293638e-01
3.291648391029619036e-01
3.291648391029619036e-01
3.292278021096576301e-01
3.291872545336037570e-01
3.293340116613132640e-01
3.292078554437177229e-01
3.292637140944866259e-01
3.293558639467251137e-01
3.294788171139166333e-01
3.288558309822581793e-01
3.290410112425175559e-01
3.289582448851964824e-01
3.289582448851964824e-01
3.289582448851964824e-01
3.290535501787158479e-01
3.285553699857421406e-01
3.285553699857421406e-01
3.284920190944756180e-01
3.292794649768497339e-01
3.293931450381458181e-01
3.289557394349026387e-01
3.286609044442957428e-01
3.283543926760386644e-01
3.283543926760386644e-01
3.283543926760386644e-01
3.286152178198833429e-01
3.292255054859404839e-01
3.295330624522153640e-01
3.294161420861452250e-01
3.299713543334318322e-01
3.294841551804101321e-01
3.294178723025460997e-01
3.294328146534901691e-01
3.298311632229341539e-01
3.298311632229341539e-01
3.298311632229341539e-01
3.297663061021552933e-01
3.298772473469802624e-01
3.297216914378721109e-01
3.296741997837646099e-01
3.299369022468496282e-01
3.300047227122396842e-01
3.298110561278107533e-01
3.295950652794894520e-01
3.296853815706931035e-01
3.300549234688367473e-01
3.300549234688367473e-01
3.296491708080471206e-01
3.294957850755817486e-01
3.294957850755817486e-01
3.299084093725117017e-01
3.298467462964986829e-01
3.298467462964986829e-01
3.302854578770165750e-01
3.299793035596659818e-01
3.301565437393348401e-01
3.301479995584799543e-01
3.303779721964906768e-01
3.299704254406713444e-01
3.296255691455172721e-01
3.292401428499250882e-01
3.292401428499250882e-01
3.287091881231058443e-01
3.288636149930387331e-01
3.289148821351841057e-01
3.289148821351841057e-01
3.289986596406708208e-01
3.290156367622604772e-01
3.289903993409915017e-01
3.287692457235907861e-01
3.283891939279947048e-01
3.281604582911603063e-01
3.281604582911603063e-01
3.282124775371623726e-01
3.282523176265935705e-01
3.283979444158502958e-01
3.285932387464197690e-01
3.285488083217293354e-01
3.285488083217293354e-01
3.285681753103986691e-01
3.285681753103986691e-01
3.286147639834584022e-01
3.284848095373401611e-01
3.284848095373401611e-01
3.285041793946860134e-01
3.284540382296737837e-01
3.284074090020382419e-01
3.284074090020382419e-01
3.287953375724553817e-01
3.288397049042926512e-01
3.289673334217684819e-01
3.290042217711853234e-01
3.290576520317600728e-01
3.290611524999768056e-01
3.290516478334206130e-01
3.290788727293245675e-01
3.290902105932129729e-01
3.290806500349710562e-01
3.290752658551120979e-01
3.290362113560210133e-01
3.290627328293677101e-01
3.290743118562379221e-01
3.290729220880850292e-01
3.290526328651836585e-01
3.290260710207614236e-01
3.290091484231426056e-01
3.290277502939294441e-01
3.290466403964291131e-01
3.290413812910183422e-01
3.290369354061416507e-01
3.290070708101189290e-01
3.290377432453379103e-01
3.290159780571771941e-01
3.289221517346051504e-01
3.289488873884924836e-01
3.288993955891992838e-01
3.289904186357885951e-01
3.288937735352940872e-01
3.289573706902633732e-01
3.289833563627844737e-01
3.287707743995038068e-01
3.287984070656377877e-01
3.284467967388000620e-01
3.285268503281325581e-01
3.285268503281325581e-01
3.287453170055166796e-01
3.287453170055166796e-01
3.287462187765854416e-01
3.282126885391482563e-01
3.287187107241494877e-01
3.286527168848288327e-01
3.288176770132022475e-01
3.288958438799632900e-01
3.288540722431849139e-01
3.290191806840992994e-01
3.289502852115386844e-01
3.290070990740991963e-01
3.289949050266699482e-01
3.290676346369438288e-01
3.289498360860322879e-01
3.289790687033821714e-01
3.290986519067413685e-01
3.291124144064473955e-01
3.290659815953033696e-01
3.291205172379065291e-01
3.291205172379065291e-01
3.289226079367969513e-01
3.289226079367969513e-01
3.288992056571676814e-01
3.288992056571676814e-01
3.289545811660798957e-01
3.299484887879943207e-01
3.300401193047360904e-01
3.300401193047360904e-01
3.303515799367208738e-01
3.302296851292900737e-01
3.302626158464720407e-01
3.300321769869852817e-01
3.297217584594360207e-01
3.298511744957593472e-01
3.299267356333403511e-01
3.298399182631770454e-01
3.297267150321820939e-01
3.294698724395811462e-01
3.294188774279041554e-01
3.293773870621968802e-01
3.293164495111547407e-01
3.295256450478616927e-01
3.295256450478616927e-01
3.295073912540624206e-01
3.294351469719074554e-01
3.294351469719074554e-01
3.294059355349803209e-01
3.293503813693960947e-01
3.294599825220324574e-01
3.294697290641153131e-01
3.293396895685967163e-01
3.294757442518743140e-01
3.295532568295467257e-01
3.294604973904755041e-01
3.294953669052229084e-01
3.296230022097419443e-01
3.295984753763315789e-01
3.295591518114764362e-01
3.295903268543302622e-01
3.296134136895589872e-01
3.295995926226676920e-01
3.296098096199993055e-01
3.295974959211215860e-01
3.295790273813444249e-01
3.295607973336598384e-01
3.295396572231511501e-01
3.295225256228848654e-01
3.295849516061647999e-01
3.295560718153611734e-01
3.295560718153611734e-01
3.296063141201026059e-01
3.296363426600513180e-01
3.296415988485452697e-01
3.295151148644454575e-01
3.293091961266341738e-01
3.294911152532389864e-01
3.294911152532389864e-01
3.288651949384975848e-01
3.288651949384975848e-01
3.289608290923894396e-01
3.290730810937401163e-01
3.290730810937401163e-01
3.292405794410328546e-01
3.295720739647993169e-01
3.295468316015746080e-01
3.294684710161470131e-01
3.293252433201906970e-01
3.293797100700474600e-01
3.295644408335853259e-01
3.295706171933949769e-01
3.295706171933949769e-01
3.295870715140301055e-01
3.296511149289565457e-01
3.298048057423557666e-01
3.296520794350060735e-01
3.297394556902770169e-01
3.295047989706425540e-01
3.295047989706425540e-01
3.288342268672149182e-01
3.288342268672149182e-01
3.294217610133536311e-01
3.291798101989452663e-01
3.291798101989452663e-01
3.293236606787577347e-01
3.294582255301534146e-01
3.298934904182208028e-01
3.302352691742106994e-01
3.298237095940092511e-01
3.296655669491176943e-01
3.296655669491176943e-01
3.298941600753987347e-01
3.298000136854244424e-01
3.295430683576811570e-01
3.294313283932565062e-01
3.296438263526573764e-01
3.296281632946932438e-01
3.290614771743710643e-01
3.290614771743710643e-01
3.290614771743710643e-01
3.298224706336918555e-01
3.288677377639458443e-01
3.288677377639458443e-01
3.288492594056628415e-01
3.288492594056628415e-01
3.288492594056628415e-01
3.291514130255590587e-01
3.291641930744172440e-01
3.295355396343038201e-01
3.295355396343038201e-01
3.296957959178645758e-01
3.293375254981531497e-01
3.293375254981531497e-01
3.294331925261244076e-01
3.293529451595799129e-01
3.294421304181628929e-01
3.294960166386419198e-01
3.294960166386419198e-01
3.289274780689676603e-01
3.291244715931814779e-01
3.290768088960320248e-01
3.299096617004010912e-01
3.299096617004010912e-01
3.295681963202859444e-01
3.295681963202859444e-01
3.299561574234601835e-01
3.300657778587431368e-01
3.303522469976704623e-01
3.302341441532739563e-01
3.302265487277600275e-01
3.300682305180474563e-01
3.302813450540619256e-01
3.299903777376965719e-01
3.297009059485141447e-01
3.301013433250771234e-01
3.302623941815501230e-01
3.302315221050418637e-01
3.300183830918871908e-01
3.300520517488556016e-01
3.299640620270389291e-01
3.295052041388559227e-01
3.298294008221378526e-01
3.298294008221378526e-01
3.300747140566083204e-01
3.300504971698168255e-01
3.293970868389678452e-01
3.293970868389678452e-01
3.293512135778131622e-01
3.299465083317308922e-01
3.303395275620230054e-01
3.299657436818048684e-01
3.302838932391627957e-01
3.305555683900769925e-01
3.304499262341289434e-01
3.300422928040736004e-01
3.298177231126127595e-01
3.299817608293405535e-01
3.300336022102820510e-01
3.300336022102820510e-01
3.300336022102820510e-01
3.300712245156837144e-01
3.293338324119951532e-01
3.293338324119951532e-01
3.295712428042439912e-01
3.286663455185674376e-01
3.282304250961936010e-01
3.296407669515053485e-01
3.293547654764869548e-01
3.297122406458325439e-01
3.297122406458325439e-01
3.297122406458325439e-01
3.299074730820269474e-01
3.292873184821377697e-01
3.297594646451439959e-01
3.299200187067423129e-01
3.299769415329565359e-01
3.299447731672473516e-01
3.300398979082816431e-01
3.302079031698567646e-01
3.301913413507712169e-01
3.304197950879101398e-01
3.304197950879101398e-01
3.303511730684568493e-01
3.301341398137534466e-01
3.302221739663966371e-01
3.291370590903970883e-01
3.291370590903970883e-01
3.298299643977734563e-01
3.301573273843545486e-01
3.295235236945288082e-01
3.303915870375188635e-01
3.298750231621231377e-01
3.299485047172242003e-01
3.298157989124595457e-01
3.298157989124595457e-01
3.288555734893636173e-01
3.282847464751549316e-01
3.282847464751549316e-01
3.292750102647161725e-01
3.293787203233453642e-01
3.293787203233453642e-01
3.293787203233453642e-01
3.296780089619520404e-01
3.298038915803022664e-01
3.301179877459840539e-01
3.300475237205608425e-01
3.301128607257322045e-01
3.300415905805622607e-01
3.298950948911357761e-01
3.297225433670558647e-01
3.297225433670558647e-01
3.292747182124250438e-01
3.287596728622140807e-01
3.287596728622140807e-01
3.296945050893471119e-01
3.296945050893471119e-01
3.300568124200784492e-01
3.293402243558650189e-01
3.295726768688692632e-01
3.294193672082505464e-01
3.294664385332066181e-01
3.300774312018030510e-01
3.300774312018030510e-01
3.300689794384406017e-01
3.297419954642000217e-01
3.300198131917980726e-01
3.296619066459220981e-01
3.296619066459220981e-01
3.296619066459220981e-01
3.296619066459220981e-01
3.298564279537134492e-01
3.294838506770192410e-01
3.294838506770192410e-01
3.292408853647948441e-01
3.292408853647948441e-01
3.292408853647948441e-01
3.295991053097775403e-01
3.301022774182258979e-01
3.297182377917255436e-01
3.297169237627751159e-01
3.297169237627751159e-01
3.302877841248503810e-01
3.297930371171828856e-01
3.291022149001247565e-01
3.288826789300238196e-01
3.288826789300238196e-01
3.288826789300238196e-01
3.288826789300238196e-01
3.291067662900701851e-01
3.286138073974123053e-01
3.283091603638289002e-01
3.279121924576727243e-01
3.279121924576727243e-01
3.282991308651884710e-01
3.282991308651884710e-01
3.282991308651884710e-01
3.282991308651884710e-01
3.282991308651884710e-01
3.284303477320446585e-01
3.287022488074094473e-01
3.285267786564451398e-01
3.288054739707836349e-01
3.285973282094006298e-01
3.285973282094006298e-01
3.285973282094006298e-01
3.289770275428377522e-01
3.286144608925217758e-01
3.286144608925217758e-01
3.289226269220532628e-01
3.292285227314173390e-01
3.290352999852139693e-01
3.292465400664921771e-01
3.291148247728861165e-01
3.289719878883798909e-01
3.291476531263151650e-01
3.288336991748126437e-01
3.285145435215772181e-01
3.293129897652530835e-01
3.292924568393463813e-01
3.293683576330835860e-01
3.288311732451181246e-01
3.293659772844985123e-01
3.286093038824719481e-01
3.286093038824719481e-01
3.287767267002090765e-01
3.290670459333820963e-01
3.290670459333820963e-01
3.290670459333820963e-01
3.294182344378358551e-01
3.293251382650688175e-01
3.299287348827306676e-01
3.303528204371836696e-01
3.298114440442101447e-01
3.300888172206351556e-01
3.297365928693377635e-01
3.304719465742269602e-01
3.304719465742269602e-01
3.301878007163004392e-01
3.297519064498612984e-01
3.297519064498612984e-01
3.297519064498612984e-01
3.300587502059169620e-01
3.296054847353500072e-01
3.291224787280175867e-01
3.287100705530390243e-01
3.289397945364818665e-01
3.289397945364818665e-01
3.287244468163963429e-01
3.287928821746000096e-01
3.287928821746000096e-01
3.290598365664644254e-01
3.293908413118568634e-01
3.294681916653990905e-01
3.297223139982280449e-01
3.295507594906905702e-01
3.295202890413130858e-01
3.297531068435847201e-01
3.295531637241440048e-01
3.291887862640120455e-01
3.292503250908424550e-01
3.294815217978400157e-01
3.296532874445477490e-01
3.297589474220799510e-01
3.297511037001475964e-01
3.297026623828362424e-01
3.296114976110483541e-01
3.296652958873225736e-01
3.293908073220256916e-01
3.296217994962848952e-01
3.297590219010539392e-01
3.296391471340495150e-01
3.294665618955390785e-01
3.294665618955390785e-01
3.295244176672424419e-01
3.292598954066247030e-01
3.291029658473106356e-01
3.291029658473106356e-01
3.291270642667453172e-01
3.291908455907668341e-01
3.298460552273736468e-01
3.295950895945102821e-01
3.294881379131249788e-01
3.294881379131249788e-01
3.294876399899206998e-01
3.296567105360955763e-01
3.295841911444619687e-01
3.292700210596134491e-01
3.294919719386950607e-01
3.294919719386950607e-01
3.295293731408592275e-01
3.298892267409695989e-01
3.294864119197764007e-01
3.294864119197764007e-01
3.294864119197764007e-01
3.298527951572033379e-01
3.296374876169340662e-01
3.291110232441982753e-01
3.299153204949223372e-01
3.297911436931423856e-01
3.291006700014911246e-01
3.293857741516961757e-01
3.293857741516961757e-01
3.293857741516961757e-01
3.293529059220201005e-01
3.294377301845044514e-01
3.294363516795548730e-01
3.295421962212053413e-01
3.295855331081952722e-01
3.296117920106693133e-01
3.295998003743468852e-01
3.296061340858627009e-01
3.296132440720160872e-01
3.296130772580418977e-01
3.296078463473482989e-01
3.296028255223823478e-01
3.295858852693795416e-01
3.295818806503750809e-01
3.295475097508447360e-01
3.295395168315391476e-01
3.295277322429183697e-01
3.295336077325513036e-01
3.295315157554861152e-01
3.295138109482151911e-01
3.294956407162751844e-01
3.294411979473557683e-01
3.295565112706174138e-01
3.295340571257311391e-01
3.293900909792041864e-01
3.293727502059651813e-01
3.291742356920140944e-01
3.292396445323060861e-01
3.290843359455784545e-01
3.292774987908149709e-01
3.292665990199195036e-01
3.285611967885731510e-01
3.292183116104334117e-01
3.292183116104334117e-01
3.292183116104334117e-01
3.292183116104334117e-01
3.292183116104334117e-01
3.293241541698614938e-01
3.294386990672185656e-01
3.294818667089140507e-01
3.291331108285757145e-01
3.292117777038307547e-01
3.291517579277906114e-01
3.294445428298617418e-01
3.293441157514860884e-01
3.290466180919082162e-01
3.288479351105806914e-01
3.289731677620612027e-01
3.290780222479025019e-01
3.292662959582495219e-01
3.287668636089577379e-01
3.287668636089577379e-01
3.289685454745091553e-01
3.292700313333687956e-01
3.295767418506634905e-01
3.291022267281549785e-01
3.292556730048277758e-01
3.293979665156801517e-01
3.292524159074304291e-01
3.289304871764556770e-01
3.289304871764556770e-01
3.284267707287127358e-01
3.283842265985960074e-01
3.278130883554515873e-01
3.275975955466512435e-01
3.280336190730618329e-01
3.288901896070597908e-01
3.288483153475296183e-01
3.287272211337484151e-01
3.287272211337484151e-01
3.288463151994456268e-01
3.288424022458839024e-01
3.288424022458839024e-01
3.288424022458839024e-01
3.289463054137871656e-01
3.287433537582030163e-01
3.289377832355739883e-01
3.294290108415474649e-01
3.290460558899707677e-01
3.290460558899707677e-01
3.287070409769015655e-01
3.287070409769015655e-01
3.287070409769015655e-01
3.290597342155354155e-01
3.291900729132293812e-01
3.291900729132293812e-01
3.290392000505013570e-01
3.290392000505013570e-01
3.289785009116840131e-01
3.293205108704569395e-01
3.293205108704569395e-01
3.295429802262548891e-01
3.293950659192688146e-01
3.297821439450745462e-01
3.296232860066470316e-01
3.296840326565174117e-01
3.295035174576367853e-01
3.292868207763829935e-01
3.292868207763829935e-01
3.291371914048709657e-01
3.286070340537748935e-01
3.289069575975067106e-01
3.289069575975067106e-01
3.295647056293725674e-01
3.287213050552789673e-01
3.286278317268801485e-01
3.297204453983660355e-01
3.297204453983660355e-01
3.297204453983660355e-01
3.289356545606346161e-01
3.289356545606346161e-01
3.293200844261401361e-01
3.296707166416409929e-01
3.295342754687102804e-01
3.284886396291104016e-01
3.284886396291104016e-01
3.283467855998337126e-01
3.283467855998337126e-01
3.283467855998337126e-01
3.283467855998337126e-01
3.283467855998337126e-01
3.277100100824434370e-01
3.277100100824434370e-01
3.277100100824434370e-01
3.274653407874070221e-01
3.276389448275749960e-01
3.277136944611761527e-01
3.280951133388564367e-01
3.280951133388564367e-01
3.285375544974885598e-01
3.281998161440655148e-01
3.281998161440655148e-01
3.281998161440655148e-01
3.281998161440655148e-01
3.285452374033326906e-01
3.287844997665714253e-01
3.289950056732731665e-01
3.290193517720338967e-01
3.290136163916624890e-01
3.289041002086800503e-01
3.289041002086800503e-01
3.287853587700410030e-01
3.287449210764502583e-01
3.287449210764502583e-01
3.288115842898834962e-01
3.288115842898834962e-01
3.287598407405822876e-01
3.286000027598148798e-01
3.287358247436030778e-01
3.284880165479430736e-01
3.283515672469920488e-01
3.290799903531116954e-01
3.293484473679279545e-01
3.293484473679279545e-01
3.299470937576508556e-01
3.298943897734100683e-01
3.297799150262527568e-01
3.295887401073205325e-01
3.293736193129587209e-01
3.290567886453013569e-01
3.290567886453013569e-01
3.289077739722497951e-01
3.289077739722497951e-01
3.294949560246961395e-01
3.294949560246961395e-01
3.287927335546527163e-01
3.287927335546527163e-01
3.297135598040670801e-01
3.291720409757282750e-01
3.291720409757282750e-01
3.294602044360694371e-01
3.294602044360694371e-01
3.297484315222293239e-01
3.300085653478442849e-01
3.297882269536198119e-01
3.293261575977971534e-01
3.288141598351635442e-01
3.288141598351635442e-01
3.284370411827292058e-01
3.285052992445335884e-01
3.285052992445335884e-01
3.282006696569857995e-01
3.285027105184921692e-01
3.283928520475148383e-01
3.282645414531277228e-01
3.282645414531277228e-01
3.282645414531277228e-01
3.280143287414610809e-01
3.280143287414610809e-01
3.283017989063412578e-01
3.283017989063412578e-01
3.283017989063412578e-01
3.283017989063412578e-01
3.284510372284729640e-01
3.284397525694818243e-01
3.283811889633955761e-01
3.283073212436942723e-01
3.284111662250082109e-01
3.284208577217894720e-01
3.285350941432261251e-01
3.284552571498136619e-01
3.286032923989160581e-01
3.286030316519331640e-01
3.286113134521941870e-01
3.284277864564778548e-01
3.282291713376188080e-01
3.283975399314562060e-01
3.284604229045436918e-01
3.284604229045436918e-01
3.282820586709413457e-01
3.278567933357753317e-01
3.280833061426077224e-01
3.280194604867462949e-01
3.280194604867462949e-01
3.280194604867462949e-01
3.280194604867462949e-01
3.289597800376656833e-01
3.289322030126861085e-01
3.289322030126861085e-01
3.289322030126861085e-01
3.293739828374425693e-01
3.285120412113716193e-01
3.285120412113716193e-01
3.291025161337108873e-01
3.295810118320569582e-01
3.293494757217644286e-01
3.293494757217644286e-01
3.293494757217644286e-01
3.292649758424726070e-01
3.285694338482357812e-01
3.295117282902723654e-01
3.292509289499099268e-01
3.292509289499099268e-01
3.292509289499099268e-01
3.285576630210336191e-01
3.285576630210336191e-01
3.285576630210336191e-01
3.292500850667768320e-01
3.292500850667768320e-01
3.290679749083137429e-01
3.294839737930130852e-01
3.297232278054364474e-01
3.298130869812022636e-01
3.293435560082965674e-01
3.293435560082965674e-01
3.298266505584053765e-01
3.298266505584053765e-01
3.302252815850454937e-01
3.301444591648335924e-01
3.300174011787532780e-01
3.299894340202550458e-01
3.300061911729751385e-01
3.296864252997307454e-01
3.296632215618885420e-01
3.296411875760117405e-01
3.296779612412532035e-01
3.296970314330376906e-01
3.296013595446170563e-01
3.296013595446170563e-01
3.296013595446170563e-01
3.292650882678135327e-01
3.286554513536339428e-01
3.291731256705743291e-01
3.291980529650469500e-01
3.294633124702737170e-01
3.295744940333958373e-01
3.295200311295313211e-01
3.294475109199484497e-01
3.294475109199484497e-01
3.295163901352166635e-01
3.294195490369508095e-01
3.293834887310768678e-01
3.291650255463146046e-01
3.297458787011187109e-01
3.297458787011187109e-01
3.298515717414250981e-01
3.296382275210905100e-01
3.298406082354837787e-01
3.292917410547012702e-01
3.296644958822831373e-01
3.296644958822831373e-01
3.300822884615886577e-01
3.302350939343901004e-01
3.298280386127662722e-01
3.297747185278065984e-01
3.299941082893038113e-01
3.300290365954419713e-01
3.300290365954419713e-01
3.296103248306112010e-01
3.297661679622509445e-01
3.297661679622509445e-01
3.297661679622509445e-01
3.290644167744488091e-01
3.290644167744488091e-01
3.290644167744488091e-01
3.301398776555140024e-01
3.299642397639435121e-01
3.300579706379482836e-01
3.300579706379482836e-01
3.303930983171819991e-01
3.301361044414165558e-01
3.305378988165384446e-01
3.305378988165384446e-01
3.308781564060713221e-01
3.309763930263366905e-01
3.309874981066984745e-01
3.310059190619803471e-01
3.307921682259332141e-01
3.307862358592872365e-01
3.308749891961734191e-01
3.307331461660642513e-01
3.303851701934966689e-01
3.294390531290684598e-01
3.294624602880187880e-01
3.294624602880187880e-01
3.294624602880187880e-01
3.294624602880187880e-01
3.295302448006697249e-01
3.293795067562143020e-01
3.297030948730192979e-01
3.295908964422351040e-01
3.300430792026706750e-01
3.298755645678748127e-01
3.297166951103719934e-01
3.293423242114630334e-01
3.297696942397175812e-01
3.296845505195398207e-01
3.294468415047797083e-01
3.285450798181133170e-01
3.294670463569724372e-01
3.294670463569724372e-01
3.296196044674997161e-01
3.292607348212535645e-01
3.295539790090106780e-01
3.295833549911807991e-01
3.303457145912549464e-01
3.304088517039500683e-01
3.300497588615951550e-01
3.292974688033100117e-01
3.291009065096597297e-01
3.291962450030607723e-01
3.291962450030607723e-01
3.296355339948974228e-01
3.289767304847452389e-01
3.290030875593283333e-01
3.288542847363964960e-01
3.288187693176057302e-01
3.288187693176057302e-01
3.288187693176057302e-01
3.288187693176057302e-01
3.288187693176057302e-01
3.288187693176057302e-01
3.290739736484197819e-01
3.290739736484197819e-01
3.295847061235104292e-01
3.295847061235104292e-01
